{
  "seq_len": 16,
  "vocab": 8,
  "temp": 30.0,
  "mismatch_sweep": [
    1,
    2,
    4,
    8
  ],
  "attention_pattern": [
    [
      9.357622912219837e-14,
      9.357622912219837e-14,
      9.357622912219837e-14,
      9.357622912219837e-14,
      9.357622912219837e-14,
      9.357622912219837e-14,
      9.357622912219837e-14,
      9.357622912219837e-14,
      9.357622912219837e-14,
      9.357622912219837e-14,
      9.357622912219837e-14,
      9.357622912219837e-14,
      9.357622912219837e-14,
      9.357622912219837e-14,
      9.357622912219837e-14,
      1.0
    ],
    [
      9.357622912219837e-14,
      9.357622912219837e-14,
      9.357622912219837e-14,
      9.357622912219837e-14,
      9.357622912219837e-14,
      9.357622912219837e-14,
      9.357622912219837e-14,
      9.357622912219837e-14,
      9.357622912219837e-14,
      9.357622912219837e-14,
      9.357622912219837e-14,
      9.357622912219837e-14,
      9.357622912219837e-14,
      9.357622912219837e-14,
      1.0,
      9.357622912219837e-14
    ],
    [
      9.357622912219837e-14,
      9.357622912219837e-14,
      9.357622912219837e-14,
      9.357622912219837e-14,
      9.357622912219837e-14,
      9.357622912219837e-14,
      9.357622912219837e-14,
      9.357622912219837e-14,
      9.357622912219837e-14,
      9.357622912219837e-14,
      9.357622912219837e-14,
      9.357622912219837e-14,
      9.357622912219837e-14,
      1.0,
      9.357622912219837e-14,
      9.357622912219837e-14
    ],
    [
      9.357622912219837e-14,
      9.357622912219837e-14,
      9.357622912219837e-14,
      9.357622912219837e-14,
      9.357622912219837e-14,
      9.357622912219837e-14,
      9.357622912219837e-14,
      9.357622912219837e-14,
      9.357622912219837e-14,
      9.357622912219837e-14,
      9.357622912219837e-14,
      9.357622912219837e-14,
      1.0,
      9.357622912219837e-14,
      9.357622912219837e-14,
      9.357622912219837e-14
    ],
    [
      9.357622912219837e-14,
      9.357622912219837e-14,
      9.357622912219837e-14,
      9.357622912219837e-14,
      9.357622912219837e-14,
      9.357622912219837e-14,
      9.357622912219837e-14,
      9.357622912219837e-14,
      9.357622912219837e-14,
      9.357622912219837e-14,
      9.357622912219837e-14,
      1.0,
      9.357622912219837e-14,
      9.357622912219837e-14,
      9.357622912219837e-14,
      9.357622912219837e-14
    ],
    [
      9.357622912219837e-14,
      9.357622912219837e-14,
      9.357622912219837e-14,
      9.357622912219837e-14,
      9.357622912219837e-14,
      9.357622912219837e-14,
      9.357622912219837e-14,
      9.357622912219837e-14,
      9.357622912219837e-14,
      9.357622912219837e-14,
      1.0,
      9.357622912219837e-14,
      9.357622912219837e-14,
      9.357622912219837e-14,
      9.357622912219837e-14,
      9.357622912219837e-14
    ],
    [
      9.357622912219837e-14,
      9.357622912219837e-14,
      9.357622912219837e-14,
      9.357622912219837e-14,
      9.357622912219837e-14,
      9.357622912219837e-14,
      9.357622912219837e-14,
      9.357622912219837e-14,
      9.357622912219837e-14,
      1.0,
      9.357622912219837e-14,
      9.357622912219837e-14,
      9.357622912219837e-14,
      9.357622912219837e-14,
      9.357622912219837e-14,
      9.357622912219837e-14
    ],
    [
      9.357622912219837e-14,
      9.357622912219837e-14,
      9.357622912219837e-14,
      9.357622912219837e-14,
      9.357622912219837e-14,
      9.357622912219837e-14,
      9.357622912219837e-14,
      9.357622912219837e-14,
      1.0,
      9.357622912219837e-14,
      9.357622912219837e-14,
      9.357622912219837e-14,
      9.357622912219837e-14,
      9.357622912219837e-14,
      9.357622912219837e-14,
      9.357622912219837e-14
    ],
    [
      9.357622912219837e-14,
      9.357622912219837e-14,
      9.357622912219837e-14,
      9.357622912219837e-14,
      9.357622912219837e-14,
      9.357622912219837e-14,
      9.357622912219837e-14,
      1.0,
      9.357622912219837e-14,
      9.357622912219837e-14,
      9.357622912219837e-14,
      9.357622912219837e-14,
      9.357622912219837e-14,
      9.357622912219837e-14,
      9.357622912219837e-14,
      9.357622912219837e-14
    ],
    [
      9.357622912219837e-14,
      9.357622912219837e-14,
      9.357622912219837e-14,
      9.357622912219837e-14,
      9.357622912219837e-14,
      9.357622912219837e-14,
      1.0,
      9.357622912219837e-14,
      9.357622912219837e-14,
      9.357622912219837e-14,
      9.357622912219837e-14,
      9.357622912219837e-14,
      9.357622912219837e-14,
      9.357622912219837e-14,
      9.357622912219837e-14,
      9.357622912219837e-14
    ],
    [
      9.357622912219837e-14,
      9.357622912219837e-14,
      9.357622912219837e-14,
      9.357622912219837e-14,
      9.357622912219837e-14,
      1.0,
      9.357622912219837e-14,
      9.357622912219837e-14,
      9.357622912219837e-14,
      9.357622912219837e-14,
      9.357622912219837e-14,
      9.357622912219837e-14,
      9.357622912219837e-14,
      9.357622912219837e-14,
      9.357622912219837e-14,
      9.357622912219837e-14
    ],
    [
      9.357622912219837e-14,
      9.357622912219837e-14,
      9.357622912219837e-14,
      9.357622912219837e-14,
      1.0,
      9.357622912219837e-14,
      9.357622912219837e-14,
      9.357622912219837e-14,
      9.357622912219837e-14,
      9.357622912219837e-14,
      9.357622912219837e-14,
      9.357622912219837e-14,
      9.357622912219837e-14,
      9.357622912219837e-14,
      9.357622912219837e-14,
      9.357622912219837e-14
    ],
    [
      9.357622912219837e-14,
      9.357622912219837e-14,
      9.357622912219837e-14,
      1.0,
      9.357622912219837e-14,
      9.357622912219837e-14,
      9.357622912219837e-14,
      9.357622912219837e-14,
      9.357622912219837e-14,
      9.357622912219837e-14,
      9.357622912219837e-14,
      9.357622912219837e-14,
      9.357622912219837e-14,
      9.357622912219837e-14,
      9.357622912219837e-14,
      9.357622912219837e-14
    ],
    [
      9.357622912219837e-14,
      9.357622912219837e-14,
      1.0,
      9.357622912219837e-14,
      9.357622912219837e-14,
      9.357622912219837e-14,
      9.357622912219837e-14,
      9.357622912219837e-14,
      9.357622912219837e-14,
      9.357622912219837e-14,
      9.357622912219837e-14,
      9.357622912219837e-14,
      9.357622912219837e-14,
      9.357622912219837e-14,
      9.357622912219837e-14,
      9.357622912219837e-14
    ],
    [
      9.357622912219837e-14,
      1.0,
      9.357622912219837e-14,
      9.357622912219837e-14,
      9.357622912219837e-14,
      9.357622912219837e-14,
      9.357622912219837e-14,
      9.357622912219837e-14,
      9.357622912219837e-14,
      9.357622912219837e-14,
      9.357622912219837e-14,
      9.357622912219837e-14,
      9.357622912219837e-14,
      9.357622912219837e-14,
      9.357622912219837e-14,
      9.357622912219837e-14
    ],
    [
      1.0,
      9.357622912219837e-14,
      9.357622912219837e-14,
      9.357622912219837e-14,
      9.357622912219837e-14,
      9.357622912219837e-14,
      9.357622912219837e-14,
      9.357622912219837e-14,
      9.357622912219837e-14,
      9.357622912219837e-14,
      9.357622912219837e-14,
      9.357622912219837e-14,
      9.357622912219837e-14,
      9.357622912219837e-14,
      9.357622912219837e-14,
      9.357622912219837e-14
    ]
  ],
  "sweep_model": [
    {
      "mismatch": 1,
      "auc": 1.0,
      "n_pos": 256,
      "n_neg": 256
    },
    {
      "mismatch": 2,
      "auc": 1.0,
      "n_pos": 256,
      "n_neg": 256
    },
    {
      "mismatch": 4,
      "auc": 1.0,
      "n_pos": 256,
      "n_neg": 256
    },
    {
      "mismatch": 8,
      "auc": 1.0,
      "n_pos": 256,
      "n_neg": 256
    }
  ],
  "sweep_baseline": [
    {
      "mismatch": 1,
      "auc": 0.5211029052734375,
      "n_pos": 256,
      "n_neg": 256
    },
    {
      "mismatch": 2,
      "auc": 0.51007080078125,
      "n_pos": 256,
      "n_neg": 256
    },
    {
      "mismatch": 4,
      "auc": 0.5317535400390625,
      "n_pos": 256,
      "n_neg": 256
    },
    {
      "mismatch": 8,
      "auc": 0.527374267578125,
      "n_pos": 256,
      "n_neg": 256
    }
  ],
  "sweep_ablation": {
    "identity": [
      {
        "mismatch": 1,
        "auc": 0.5,
        "n_pos": 256,
        "n_neg": 256
      },
      {
        "mismatch": 2,
        "auc": 0.5,
        "n_pos": 256,
        "n_neg": 256
      },
      {
        "mismatch": 4,
        "auc": 0.5,
        "n_pos": 256,
        "n_neg": 256
      },
      {
        "mismatch": 8,
        "auc": 0.5,
        "n_pos": 256,
        "n_neg": 256
      }
    ],
    "shift": [
      {
        "mismatch": 1,
        "auc": 0.49858856201171875,
        "n_pos": 256,
        "n_neg": 256
      },
      {
        "mismatch": 2,
        "auc": 0.47899627685546875,
        "n_pos": 256,
        "n_neg": 256
      },
      {
        "mismatch": 4,
        "auc": 0.5046234130859375,
        "n_pos": 256,
        "n_neg": 256
      },
      {
        "mismatch": 8,
        "auc": 0.4944915771484375,
        "n_pos": 256,
        "n_neg": 256
      }
    ]
  }
}