{
  "canonical_token": 128,
  "config": {
    "B": 32,
    "L": 16,
    "H": 8,
    "D": 64,
    "sweep_tokens": [
      0,
      64,
      128,
      192,
      255
    ]
  },
  "per_head": {
    "head": [
      0,
      1,
      2,
      3,
      4,
      5,
      6,
      7
    ],
    "fidelity": [
      1.0,
      0.9996126890182495,
      0.9930520057678223,
      0.9323444962501526,
      0.6930796504020691,
      0.45883461833000183,
      0.3001960217952728,
      0.26508334279060364
    ],
    "diag_mass": [
      0.9999083876609802,
      0.9082047939300537,
      0.6882523894309998,
      0.3993823528289795,
      0.21281389892101288,
      0.11835960298776627,
      0.07885211706161499,
      0.0625
    ],
    "head_logit": [
      12.0,
      5.0,
      3.5,
      2.299999952316284,
      1.399999976158142,
      0.699999988079071,
      0.25,
      0.0
    ]
  },
  "sweep_real": [
    {
      "token": 0,
      "fidelity": 1.0,
      "diag": 0.9999077320098877,
      "best_head": 0
    },
    {
      "token": 64,
      "fidelity": 1.0,
      "diag": 0.9999077320098877,
      "best_head": 0
    },
    {
      "token": 128,
      "fidelity": 1.0,
      "diag": 0.9999077320098877,
      "best_head": 0
    },
    {
      "token": 192,
      "fidelity": 1.0,
      "diag": 0.9999077320098877,
      "best_head": 0
    },
    {
      "token": 255,
      "fidelity": 1.0,
      "diag": 0.9999077320098877,
      "best_head": 0
    }
  ],
  "sweep_ablated": [
    {
      "token": 0,
      "fidelity": 0.2836109697818756,
      "diag": 0.0625
    },
    {
      "token": 64,
      "fidelity": 0.2836109697818756,
      "diag": 0.0625
    },
    {
      "token": 128,
      "fidelity": 0.2836109697818756,
      "diag": 0.0625
    },
    {
      "token": 192,
      "fidelity": 0.2836109697818756,
      "diag": 0.0625
    },
    {
      "token": 255,
      "fidelity": 0.2836109697818756,
      "diag": 0.0625
    }
  ],
  "head0_attn": [
    [
      0.9999078512191772,
      6.143646260170499e-06,
      6.143646260170499e-06,
      6.143646260170499e-06,
      6.143646260170499e-06,
      6.143646260170499e-06,
      6.143646260170499e-06,
      6.143646260170499e-06,
      6.143646260170499e-06,
      6.143646260170499e-06,
      6.143646260170499e-06,
      6.143646260170499e-06,
      6.143646260170499e-06,
      6.143646260170499e-06,
      6.143646260170499e-06,
      6.143646260170499e-06
    ],
    [
      6.143646260170499e-06,
      0.9999078512191772,
      6.143646260170499e-06,
      6.143646260170499e-06,
      6.143646260170499e-06,
      6.143646260170499e-06,
      6.143646260170499e-06,
      6.143646260170499e-06,
      6.143646260170499e-06,
      6.143646260170499e-06,
      6.143646260170499e-06,
      6.143646260170499e-06,
      6.143646260170499e-06,
      6.143646260170499e-06,
      6.143646260170499e-06,
      6.143646260170499e-06
    ],
    [
      6.143646260170499e-06,
      6.143646260170499e-06,
      0.9999078512191772,
      6.143646260170499e-06,
      6.143646260170499e-06,
      6.143646260170499e-06,
      6.143646260170499e-06,
      6.143646260170499e-06,
      6.143646260170499e-06,
      6.143646260170499e-06,
      6.143646260170499e-06,
      6.143646260170499e-06,
      6.143646260170499e-06,
      6.143646260170499e-06,
      6.143646260170499e-06,
      6.143646260170499e-06
    ],
    [
      6.143646260170499e-06,
      6.143646260170499e-06,
      6.143646260170499e-06,
      0.9999078512191772,
      6.143646260170499e-06,
      6.143646260170499e-06,
      6.143646260170499e-06,
      6.143646260170499e-06,
      6.143646260170499e-06,
      6.143646260170499e-06,
      6.143646260170499e-06,
      6.143646260170499e-06,
      6.143646260170499e-06,
      6.143646260170499e-06,
      6.143646260170499e-06,
      6.143646260170499e-06
    ],
    [
      6.143646260170499e-06,
      6.143646260170499e-06,
      6.143646260170499e-06,
      6.143646260170499e-06,
      0.9999078512191772,
      6.143646260170499e-06,
      6.143646260170499e-06,
      6.143646260170499e-06,
      6.143646260170499e-06,
      6.143646260170499e-06,
      6.143646260170499e-06,
      6.143646260170499e-06,
      6.143646260170499e-06,
      6.143646260170499e-06,
      6.143646260170499e-06,
      6.143646260170499e-06
    ],
    [
      6.143646260170499e-06,
      6.143646260170499e-06,
      6.143646260170499e-06,
      6.143646260170499e-06,
      6.143646260170499e-06,
      0.9999078512191772,
      6.143646260170499e-06,
      6.143646260170499e-06,
      6.143646260170499e-06,
      6.143646260170499e-06,
      6.143646260170499e-06,
      6.143646260170499e-06,
      6.143646260170499e-06,
      6.143646260170499e-06,
      6.143646260170499e-06,
      6.143646260170499e-06
    ],
    [
      6.143646260170499e-06,
      6.143646260170499e-06,
      6.143646260170499e-06,
      6.143646260170499e-06,
      6.143646260170499e-06,
      6.143646260170499e-06,
      0.9999078512191772,
      6.143646260170499e-06,
      6.143646260170499e-06,
      6.143646260170499e-06,
      6.143646260170499e-06,
      6.143646260170499e-06,
      6.143646260170499e-06,
      6.143646260170499e-06,
      6.143646260170499e-06,
      6.143646260170499e-06
    ],
    [
      6.143646260170499e-06,
      6.143646260170499e-06,
      6.143646260170499e-06,
      6.143646260170499e-06,
      6.143646260170499e-06,
      6.143646260170499e-06,
      6.143646260170499e-06,
      0.9999078512191772,
      6.143646260170499e-06,
      6.143646260170499e-06,
      6.143646260170499e-06,
      6.143646260170499e-06,
      6.143646260170499e-06,
      6.143646260170499e-06,
      6.143646260170499e-06,
      6.143646260170499e-06
    ],
    [
      6.143646260170499e-06,
      6.143646260170499e-06,
      6.143646260170499e-06,
      6.143646260170499e-06,
      6.143646260170499e-06,
      6.143646260170499e-06,
      6.143646260170499e-06,
      6.143646260170499e-06,
      0.9999078512191772,
      6.143646260170499e-06,
      6.143646260170499e-06,
      6.143646260170499e-06,
      6.143646260170499e-06,
      6.143646260170499e-06,
      6.143646260170499e-06,
      6.143646260170499e-06
    ],
    [
      6.143646260170499e-06,
      6.143646260170499e-06,
      6.143646260170499e-06,
      6.143646260170499e-06,
      6.143646260170499e-06,
      6.143646260170499e-06,
      6.143646260170499e-06,
      6.143646260170499e-06,
      6.143646260170499e-06,
      0.9999078512191772,
      6.143646260170499e-06,
      6.143646260170499e-06,
      6.143646260170499e-06,
      6.143646260170499e-06,
      6.143646260170499e-06,
      6.143646260170499e-06
    ],
    [
      6.143646260170499e-06,
      6.143646260170499e-06,
      6.143646260170499e-06,
      6.143646260170499e-06,
      6.143646260170499e-06,
      6.143646260170499e-06,
      6.143646260170499e-06,
      6.143646260170499e-06,
      6.143646260170499e-06,
      6.143646260170499e-06,
      0.9999078512191772,
      6.143646260170499e-06,
      6.143646260170499e-06,
      6.143646260170499e-06,
      6.143646260170499e-06,
      6.143646260170499e-06
    ],
    [
      6.143646260170499e-06,
      6.143646260170499e-06,
      6.143646260170499e-06,
      6.143646260170499e-06,
      6.143646260170499e-06,
      6.143646260170499e-06,
      6.143646260170499e-06,
      6.143646260170499e-06,
      6.143646260170499e-06,
      6.143646260170499e-06,
      6.143646260170499e-06,
      0.9999078512191772,
      6.143646260170499e-06,
      6.143646260170499e-06,
      6.143646260170499e-06,
      6.143646260170499e-06
    ],
    [
      6.143646260170499e-06,
      6.143646260170499e-06,
      6.143646260170499e-06,
      6.143646260170499e-06,
      6.143646260170499e-06,
      6.143646260170499e-06,
      6.143646260170499e-06,
      6.143646260170499e-06,
      6.143646260170499e-06,
      6.143646260170499e-06,
      6.143646260170499e-06,
      6.143646260170499e-06,
      0.9999078512191772,
      6.143646260170499e-06,
      6.143646260170499e-06,
      6.143646260170499e-06
    ],
    [
      6.143646260170499e-06,
      6.143646260170499e-06,
      6.143646260170499e-06,
      6.143646260170499e-06,
      6.143646260170499e-06,
      6.143646260170499e-06,
      6.143646260170499e-06,
      6.143646260170499e-06,
      6.143646260170499e-06,
      6.143646260170499e-06,
      6.143646260170499e-06,
      6.143646260170499e-06,
      6.143646260170499e-06,
      0.9999078512191772,
      6.143646260170499e-06,
      6.143646260170499e-06
    ],
    [
      6.143646260170499e-06,
      6.143646260170499e-06,
      6.143646260170499e-06,
      6.143646260170499e-06,
      6.143646260170499e-06,
      6.143646260170499e-06,
      6.143646260170499e-06,
      6.143646260170499e-06,
      6.143646260170499e-06,
      6.143646260170499e-06,
      6.143646260170499e-06,
      6.143646260170499e-06,
      6.143646260170499e-06,
      6.143646260170499e-06,
      0.9999078512191772,
      6.143646260170499e-06
    ],
    [
      6.143646260170499e-06,
      6.143646260170499e-06,
      6.143646260170499e-06,
      6.143646260170499e-06,
      6.143646260170499e-06,
      6.143646260170499e-06,
      6.143646260170499e-06,
      6.143646260170499e-06,
      6.143646260170499e-06,
      6.143646260170499e-06,
      6.143646260170499e-06,
      6.143646260170499e-06,
      6.143646260170499e-06,
      6.143646260170499e-06,
      6.143646260170499e-06,
      0.9999078512191772
    ]
  ]
}